Radius = 3 [cm]
Distance = 4 [cm]
Thickness = 5 [cm]
Atten.C = 0.282206 [cm^-1]
Gamma_E = 1147 [KeV]
QD2 = 0.802565
QD4 = 0.44946
